기간	자치구	합계	합계	합계	합계	합계	합계	노상	노상	노상	노상	노상	노상	노상	노상	노외	노외	노외	노외	노외	노외	노외	노외	건축물부설	건축물부설	건축물부설	건축물부설	건축물부설	건축물부설	건축물부설	건축물부설
기간	자치구	계	계	공영	공영	민영	민영	계	계	요금부과별	요금부과별	운영주체별	운영주체별	운영주체별	운영주체별	계	계	시영	시영	구영	구영	민영	민영	계	계	일반주택	일반주택	공동주택	공동주택	일반건축물	일반건축물
기간	자치구	계	계	공영	공영	민영	민영	계	계	유료	유료	시영	시영	구영	구영	계	계	시영	시영	구영	구영	민영	민영	계	계	일반주택	일반주택	공동주택	공동주택	일반건축물	일반건축물
기간	자치구	개소	면수	개소	면수	개소	면수	개소	면수	개소	면수	개소	면수	개소	면수	개소	면수	개소	면수	개소	면수	개소	면수	개소	면수	개소	면수	개소	면수	개소	면수
2012	서울시	355,212	3,584,262	13,319	207,515	341,893	3,376,747	12,533	147,712	12,533	147,712	80	5,847	12,453	141,865	2,538	122,564	61	9,961	725	49,842	1,752	62,761	340,141	3,313,986	162,887	307,441	69,672	1,685,044	107,582	1,321,501
2012	종로구	35,007	90,434	215	6,647	34,792	83,787	185	5,525	185	5,525	9	3,042	176	2,483	178	7,856	3	73	27	1,049	148	6,734	34,644	77,053	13,606	6,310	2,527	22,236	18,511	48,507
2012	중구	4,429	101,956	76	3,977	4,353	97,979	51	2,024	51	2,024	17	589	34	1,435	121	8,002	2	33	23	1,920	96	6,049	4,257	91,930	1,175	2,818	655	22,411	2,427	66,701
2012	용산구	6,838	105,518	409	6,726	6,429	98,792	378	4,229	378	4,229	3	62	375	4,167	170	6,791	4	893	27	1,604	139	4,294	6,290	94,498	2,627	9,349	1,802	47,665	1,861	37,484
2012	성동구	7,506	93,662	276	9,267	7,230	84,395	245	7,001	245	7,001	1	17	244	6,984	93	4,375	1	41	30	2,225	62	2,109	7,168	82,286	3,394	4,600	926	43,099	2,848	34,587
2012	광진구	14,304	107,426	85	6,743	14,219	100,683	20	4,292	20	4,292	1	18	19	4,274	99	3,171	-	-	65	2,451	34	720	14,185	99,963	10,120	27,727	2,631	40,298	1,434	31,938
2012	동대문구	9,666	119,585	825	7,196	8,841	112,389	796	5,097	796	5,097	2	134	794	4,963	61	3,220	2	182	27	1,917	32	1,121	8,809	111,268	3,290	10,523	3,706	68,944	1,813	31,801
2012	중랑구	30,706	104,194	548	10,351	30,158	93,843	515	8,127	515	8,127	1	61	514	8,066	70	3,261	4	575	29	1,649	37	1,037	30,121	92,806	22,101	12,988	2,521	48,415	5,499	31,403
2012	성북구	13,569	142,508	191	9,154	13,378	133,354	158	7,965	158	7,965	1	26	157	7,939	124	3,214	2	39	31	1,150	91	2,025	13,287	131,329	6,734	11,530	2,525	67,593	4,028	52,206
2012	강북구	9,717	78,292	45	5,063	9,672	73,229	23	3,708	23	3,708	-	-	23	3,708	45	1,818	-	-	22	1,355	23	463	9,649	72,766	5,153	9,970	2,464	44,159	2,032	18,637
2012	도봉구	9,237	104,139	548	6,762	8,689	97,377	515	4,725	515	4,725	-	-	515	4,725	53	2,661	3	867	30	1,170	20	624	8,669	96,753	4,334	8,409	2,411	64,780	1,924	23,564
2012	노원구	5,977	164,330	160	3,850	5,817	160,480	139	2,429	139	2,429	2	125	137	2,304	53	3,535	4	402	17	1,019	32	2,114	5,785	158,366	2,071	6,201	1,470	114,773	2,244	37,392
2012	은평구	17,793	135,342	145	6,939	17,648	128,403	124	5,265	124	5,265	1	28	123	5,237	93	3,028	1	401	20	1,273	72	1,354	17,576	127,049	7,952	15,384	6,675	85,621	2,949	26,044
2012	서대문구	8,831	66,906	742	6,864	8,089	60,042	710	5,610	710	5,610	2	18	708	5,592	104	2,368	1	6	31	1,248	72	1,114	8,017	58,928	3,446	8,503	2,169	18,761	2,402	31,664
2012	마포구	13,903	138,663	542	7,321	13,361	131,342	528	5,298	528	5,298	-	-	528	5,298	67	3,699	2	615	12	1,408	53	1,676	13,308	129,666	5,642	13,166	3,078	62,527	4,588	53,973
2012	양천구	12,385	145,657	1,035	6,358	11,350	139,299	997	3,088	997	3,088	7	267	990	2,821	53	4,148	3	220	35	3,050	15	878	11,335	138,421	4,778	8,711	3,805	91,107	2,752	38,603
2012	강서구	18,127	215,956	750	9,353	17,377	206,603	720	5,721	720	5,721	1	164	719	5,557	59	5,056	10	1,087	20	2,545	29	1,424	17,348	205,179	7,436	14,655	5,900	114,715	4,012	75,809
2012	구로구	9,693	150,103	321	6,207	9,372	143,896	302	4,137	302	4,137	9	298	293	3,839	68	4,051	3	513	16	1,557	49	1,981	9,323	141,915	5,739	8,916	1,865	75,053	1,719	57,946
2012	금천구	8,775	93,766	619	5,174	8,156	88,592	595	3,681	595	3,681	3	98	592	3,583	44	2,127	1	129	23	1,364	20	634	8,136	87,958	4,540	7,878	1,430	27,548	2,166	52,532
2012	영등포구	12,079	135,626	2,683	10,116	9,396	125,510	2,647	6,978	2,647	6,978	11	430	2,636	6,548	87	10,202	2	430	34	2,708	51	7,064	9,345	118,446	3,416	5,368	2,897	55,722	3,032	57,356
2012	동작구	13,443	113,831	158	5,795	13,285	108,036	81	3,362	81	3,362	1	24	80	3,338	122	3,842	2	140	75	2,293	45	1,409	13,240	106,627	7,810	15,390	2,964	59,640	2,466	31,597
2012	관악구	20,016	137,205	1,284	8,999	18,732	128,206	1,254	7,481	1,254	7,481	2	257	1,252	7,224	78	2,588	1	33	29	1,485	48	1,070	18,684	127,136	10,156	20,719	3,651	68,094	4,877	38,323
2012	서초구	22,250	271,478	901	8,561	21,349	262,917	878	6,219	878	6,219	1	50	877	6,169	357	11,846	1	207	22	2,135	334	9,504	21,015	253,413	7,507	12,771	3,574	114,530	9,934	126,112
2012	강남구	20,913	368,954	101	14,973	20,812	353,981	69	10,525	69	10,525	4	109	65	10,416	223	9,972	5	912	27	3,536	191	5,524	20,621	348,457	7,068	26,457	3,626	136,916	9,927	185,084
2012	송파구	17,349	247,890	623	22,579	16,726	225,311	579	15,765	579	15,765	1	30	578	15,735	72	7,600	2	722	42	6,092	28	786	16,698	224,525	5,088	11,793	4,175	121,892	7,435	90,840
2012	강동구	12,699	150,841	37	12,540	12,662	138,301	24	9,460	24	9,460	-	-	24	9,460	44	4,133	2	1,441	11	1,639	31	1,053	12,631	137,248	7,704	27,305	225	68,545	4,702	41,398