기간	자치구	합계	합계	합계	합계	합계	합계	노상	노상	노상	노상	노상	노상	노외	노외	노외	노외	노외	노외	노외	노외	건축물부설	건축물부설	건축물부설	건축물부설	건축물부설	건축물부설	건축물부설	건축물부설
기간	자치구	계	계	공영	공영	민영	민영	계	계	시영	시영	구영	구영	계	계	시영	시영	구영	구영	민영	민영	계	계	일반주택	일반주택	공동주택	공동주택	일반건축물	일반건축물
기간	자치구	개소	면수	개소	면수	개소	면수	개소	면수	개소	면수	개소	면수	개소	면수	개소	면수	개소	면수	개소	면수	개소	면수	개소	면수	개소	면수	개소	면수
2017	서울시	308,025	4,053,875	9,509	199,834	298,516	3,854,041	8,576	128,496	77	2,276	8,499	126,220	1,977	112,782	65	15,366	868	55,972	1,044	41,444	297,472	3,812,597	131,393	305,238	81,398	2,073,558	84,681	1,433,801
2017	종로구	7,220	90,099	181	6,494	7,039	83,605	148	2,719	10	392	138	2,327	103	5,925	6	2,718	27	1,057	70	2,150	6,969	81,455	2,864	6,552	1,546	22,176	2,559	52,727
2017	중구	4,152	99,538	178	5,622	3,974	93,916	151	1,702	21	422	130	1,280	94	6,926	4	2,006	23	1,914	67	3,006	3,907	90,910	946	2,546	665	24,613	2,296	63,751
2017	용산구	7,291	112,712	397	6,551	6,894	106,161	362	3,803	2	21	360	3,782	75	3,825	4	856	31	1,892	40	1,077	6,854	105,084	2,767	7,163	2,051	58,848	2,036	39,073
2017	성동구	6,658	123,306	292	8,565	6,366	114,741	264	6,138	2	57	262	6,081	65	3,599	-	-	28	2,427	37	1,172	6,329	113,569	2,930	5,961	865	66,485	2,534	41,123
2017	광진구	16,304	127,454	404	6,139	15,900	121,315	359	3,649	1	18	358	3,631	70	3,338	-	-	45	2,490	25	848	15,875	120,467	8,653	21,826	3,552	55,349	3,670	43,292
2017	동대문구	9,485	123,174	64	6,776	9,421	116,398	30	4,503	2	134	28	4,369	57	3,149	2	159	32	2,114	23	876	9,398	115,522	4,119	8,740	1,414	57,239	3,865	49,543
2017	중랑구	12,170	122,128	566	12,148	11,604	109,980	525	8,348	1	63	524	8,285	81	5,336	2	417	39	3,383	40	1,536	11,564	108,444	5,928	12,258	2,908	66,533	2,728	29,653
2017	성북구	13,038	155,064	192	7,861	12,846	147,203	125	6,062	1	26	124	6,036	154	3,975	1	21	66	1,778	87	2,176	12,759	145,027	6,124	15,146	2,946	90,723	3,689	39,158
2017	강북구	10,528	88,173	62	5,527	10,466	82,646	23	3,281	1	20	22	3,261	59	3,019	-	-	39	2,246	20	773	10,446	81,873	5,165	10,495	3,244	52,296	2,037	19,082
2017	도봉구	9,593	112,527	501	6,136	9,092	106,391	460	3,636	-	-	460	3,636	61	3,064	4	1,137	37	1,363	20	564	9,072	105,827	4,256	10,113	2,852	71,277	1,964	24,437
2017	노원구	6,612	175,553	180	3,758	6,432	171,795	154	2,354	2	122	152	2,232	45	3,031	4	401	22	1,003	19	1,627	6,413	170,168	2,399	7,613	1,687	121,441	2,327	41,114
2017	은평구	19,119	160,593	135	6,432	18,984	154,161	109	4,300	2	34	107	4,266	82	3,357	1	401	25	1,731	56	1,225	18,928	152,936	7,937	15,273	7,817	106,195	3,174	31,468
2017	서대문구	11,835	116,018	655	6,377	11,180	109,641	626	4,489	2	18	624	4,471	96	4,146	1	27	28	1,861	67	2,258	11,113	107,383	5,251	13,204	3,249	51,382	2,613	42,797
2017	마포구	13,905	167,122	47	6,952	13,858	160,170	29	4,708	-	-	29	4,708	87	4,890	2	528	16	1,716	69	2,646	13,789	157,524	5,482	11,258	3,453	80,667	4,854	65,599
2017	양천구	11,811	162,185	533	7,374	11,278	154,811	488	3,207	1	31	487	3,176	56	5,669	3	177	42	3,990	11	1,502	11,267	153,309	4,289	8,420	4,239	103,698	2,739	41,191
2017	강서구	18,630	259,917	728	8,533	17,902	251,384	696	4,944	2	150	694	4,794	56	4,999	10	1,244	22	2,345	24	1,410	17,878	249,974	6,883	14,655	6,877	140,124	4,118	95,195
2017	구로구	10,219	177,729	323	5,522	9,896	172,207	299	3,527	9	224	290	3,303	58	3,365	3	516	21	1,479	34	1,370	9,862	170,837	5,011	10,095	2,581	93,012	2,270	67,730
2017	금천구	9,393	121,784	69	4,449	9,324	117,335	33	2,908	2	61	31	2,847	53	2,131	1	129	35	1,412	17	590	9,307	116,745	4,588	9,102	2,179	39,941	2,540	67,702
2017	영등포구	10,018	171,180	2,209	10,011	7,809	161,169	2,177	6,350	8	216	2,169	6,134	69	5,965	3	946	29	2,715	37	2,304	7,772	158,865	4,728	9,812	1,299	73,219	1,745	75,834
2017	동작구	13,313	119,153	118	4,021	13,195	115,132	79	2,886	1	24	78	2,862	83	2,391	2	138	37	997	44	1,256	13,151	113,876	7,055	12,336	3,640	74,887	2,456	26,653
2017	관악구	19,504	148,454	63	7,571	19,441	140,883	29	5,880	1	67	28	5,813	85	2,770	1	33	33	1,658	51	1,079	19,390	139,804	9,876	21,595	4,502	77,232	5,012	40,977
2017	서초구	13,360	266,362	856	8,640	12,504	257,722	829	5,973	1	50	828	5,923	90	8,124	1	185	26	2,482	63	5,457	12,441	252,265	3,881	12,122	2,958	135,454	5,602	104,689
2017	강남구	20,348	390,451	107	15,287	20,241	375,164	72	9,568	4	96	68	9,472	116	8,587	5	934	30	4,785	81	2,868	20,160	372,296	6,504	24,265	3,928	149,350	9,728	198,681
2017	송파구	18,009	290,809	613	21,076	17,396	269,733	487	14,780	1	30	486	14,750	150	7,249	3	946	123	5,350	24	953	17,372	268,780	5,180	14,904	7,259	164,955	4,933	88,921
2017	강동구	15,510	172,390	36	12,012	15,474	160,378	22	8,781	-	-	22	8,781	32	3,952	2	1,447	12	1,784	18	721	15,456	159,657	8,577	19,784	3,687	96,462	3,192	43,411